  121    6    4
    4  102   25
   30    8  109

  120    6    4
    4  101   25
   30    8  108

  119    6    4
    4  100   25
   30    8  107

  118    6    4
    4   99   25
   30    8  106

  117    6    4
    4   98   25
   30    8  105

  116    6    4
    4   97   25
   30    8  104

  115    6    4
    4   96   25
   30    8  103

  114    6    4
    4   95   25
   30    8  102

  113    6    4
    4   94   25
   30    8  101

  112    6    4
    4   93   25
   30    8  100

  111    6    4
    4   92   25
   30    8   99

  110    6    4
    4   91   25
   30    8   98

  109    6    4
    4   90   25
   30    8   97

  108    6    4
    4   89   25
   30    8   96

  107    6    4
    4   88   25
   30    8   95

  106    6    4
    4   87   25
   30    8   94

  105    6    4
    4   86   25
   30    8   93

  104    6    4
    4   85   25
   30    8   92

  103    6    4
    4   84   25
   30    8   91

  102    6    4
    4   83   25
   30    8   90

  101    6    4
    4   82   25
   30    8   89

  100    6    4
    4   81   25
   30    8   88

   99    6    4
    4   80   25
   30    8   87

   98    6    4
    4   79   25
   30    8   86

   97    6    4
    4   78   25
   30    8   85

   96    6    4
    4   77   25
   30    8   84

   95    6    4
    4   76   25
   30    8   83

   94    6    4
    4   75   25
   30    8   82

   93    6    4
    4   74   25
   30    8   81

   92    6    4
    4   73   25
   30    8   80

   91    6    4
    4   72   25
   30    8   79

   90    6    4
    4   71   25
   30    8   78

   89    6    4
    4   70   25
   30    8   77

   88    6    4
    4   69   25
   30    8   76

   87    6    4
    4   68   25
   30    8   75

   86    6    4
    4   67   25
   30    8   74

   85    6    4
    4   66   25
   30    8   73

   84    6    4
    4   65   25
   30    8   72

   83    6    4
    4   64   25
   30    8   71

   82    6    4
    4   63   25
   30    8   70

   81    6    4
    4   62   25
   30    8   69

   80    6    4
    4   61   25
   30    8   68

   79    6    4
    4   60   25
   30    8   67

   78    6    4
    4   59   25
   30    8   66

   77    6    4
    4   58   25
   30    8   65

   76    6    4
    4   57   25
   30    8   64

   75    6    4
    4   56   25
   30    8   63

   74    6    4
    4   55   25
   30    8   62

   73    6    4
    4   54   25
   30    8   61

   72    6    4
    4   53   25
   30    8   60

   71    6    4
    4   52   25
   30    8   59

   70    6    4
    4   51   25
   30    8   58

   69    6    4
    4   50   25
   30    8   57

   68    6    4
    4   49   25
   30    8   56

   67    6    4
    4   48   25
   30    8   55

   66    6    4
    4   47   25
   30    8   54

   65    6    4
    4   46   25
   30    8   53

   64    6    4
    4   45   25
   30    8   52

   63    6    4
    4   44   25
   30    8   51

   62    6    4
    4   43   25
   30    8   50

   61    6    4
    4   42   25
   30    8   49

   60    6    4
    4   41   25
   30    8   48

   59    6    4
    4   40   25
   30    8   47

   58    6    4
    4   39   25
   30    8   46

   57    6    4
    4   38   25
   30    8   45

   56    6    4
    4   37   25
   30    8   44

   55    6    4
    4   36   25
   30    8   43

   54    6    4
    4   35   25
   30    8   42

   53    6    4
    4   34   25
   30    8   41

   52    6    4
    4   33   25
   30    8   40

   51    6    4
    4   32   25
   30    8   39

   50    6    4
    4   31   25
   30    8   38

   49    6    4
    4   30   25
   30    8   37

   48    6    4
    4   29   25
   30    8   36

   47    6    4
    4   28   25
   30    8   35

   46    6    4
    4   27   25
   30    8   34

   45    6    4
    4   26   25
   30    8   33

   44    6    4
    4   25   25
   30    8   32

   43    6    4
    4   24   25
   30    8   31

   42    6    4
    4   23   25
   30    8   30

   41    6    4
    4   22   25
   30    8   29

   40    6    4
    4   21   25
   30    8   28

   39    6    4
    4   20   25
   30    8   27

   38    6    4
    4   19   25
   30    8   26

   37    6    4
    4   18   25
   30    8   25

   36    6    4
    4   17   25
   30    8   24

   35    6    4
    4   16   25
   30    8   23

   34    6    4
    4   15   25
   30    8   22

   33    6    4
    4   14   25
   30    8   21

   32    6    4
    4   13   25
   30    8   20

   31    6    4
    4   12   25
   30    8   19

   30    6    4
    4   11   25
   30    8   18

   29    6    4
    4   10   25
   30    8   17

   28    6    4
    4    9   25
   30    8   16

   27    6    4
    4    8   25
   30    8   15

   26    6    4
    4    7   25
   30    8   14

   25    6    4
    4    6   25
   30    8   13

   24    6    4
    4    5   25
   30    8   12

   23    6    4
    4    4   25
   30    8   11

   22    6    4
    4    3   25
   30    8   10

   21    6    4
    4    2   25
   30    8    9

   20    6    4
    4    1   25
   30    8    8

   19    6    4
    4    0   25
   30    8    7

   18    6    4
    4   -1   25
   30    8    6

   17    6    4
    4   -2   25
   30    8    5

   16    6    4
    4   -3   25
   30    8    4

   15    6    4
    4   -4   25
   30    8    3

   14    6    4
    4   -5   25
   30    8    2

   13    6    4
    4   -6   25
   30    8    1

   12    6    4
    4   -7   25
   30    8    0

   11    6    4
    4   -8   25
   30    8   -1

   10    6    4
    4   -9   25
   30    8   -2

    9    6    4
    4  -10   25
   30    8   -3

    8    6    4
    4  -11   25
   30    8   -4

    7    6    4
    4  -12   25
   30    8   -5

    6    6    4
    4  -13   25
   30    8   -6

    5    6    4
    4  -14   25
   30    8   -7

    4    6    4
    4  -15   25
   30    8   -8

    3    6    4
    4  -16   25
   30    8   -9

    2    6    4
    4  -17   25
   30    8  -10

    1    6    4
    4  -18   25
   30    8  -11

    0    6    4
    4  -19   25
   30    8  -12

   -1    6    4
    4  -20   25
   30    8  -13

   -2    6    4
    4  -21   25
   30    8  -14

   -3    6    4
    4  -22   25
   30    8  -15

   -4    6    4
    4  -23   25
   30    8  -16

   -5    6    4
    4  -24   25
   30    8  -17

   -6    6    4
    4  -25   25
   30    8  -18

   -7    6    4
    4  -26   25
   30    8  -19

   -8    6    4
    4  -27   25
   30    8  -20

   -9    6    4
    4  -28   25
   30    8  -21

  -10    6    4
    4  -29   25
   30    8  -22

  -11    6    4
    4  -30   25
   30    8  -23

  -12    6    4
    4  -31   25
   30    8  -24

  -13    6    4
    4  -32   25
   30    8  -25

  -14    6    4
    4  -33   25
   30    8  -26

  -15    6    4
    4  -34   25
   30    8  -27

  -16    6    4
    4  -35   25
   30    8  -28

  -17    6    4
    4  -36   25
   30    8  -29

  -18    6    4
    4  -37   25
   30    8  -30

  -19    6    4
    4  -38   25
   30    8  -31

  -20    6    4
    4  -39   25
   30    8  -32

  -21    6    4
    4  -40   25
   30    8  -33

  -22    6    4
    4  -41   25
   30    8  -34

  -23    6    4
    4  -42   25
   30    8  -35

  -24    6    4
    4  -43   25
   30    8  -36

  -25    6    4
    4  -44   25
   30    8  -37

  -26    6    4
    4  -45   25
   30    8  -38

  -27    6    4
    4  -46   25
   30    8  -39

  -28    6    4
    4  -47   25
   30    8  -40

  -29    6    4
    4  -48   25
   30    8  -41

  -30    6    4
    4  -49   25
   30    8  -42

  -31    6    4
    4  -50   25
   30    8  -43

  -32    6    4
    4  -51   25
   30    8  -44

  -33    6    4
    4  -52   25
   30    8  -45

  -34    6    4
    4  -53   25
   30    8  -46

  -35    6    4
    4  -54   25
   30    8  -47

  -36    6    4
    4  -55   25
   30    8  -48

  -37    6    4
    4  -56   25
   30    8  -49

  -38    6    4
    4  -57   25
   30    8  -50

  -39    6    4
    4  -58   25
   30    8  -51

  -40    6    4
    4  -59   25
   30    8  -52

  -41    6    4
    4  -60   25
   30    8  -53

  -42    6    4
    4  -61   25
   30    8  -54

  -43    6    4
    4  -62   25
   30    8  -55

  -44    6    4
    4  -63   25
   30    8  -56

  -45    6    4
    4  -64   25
   30    8  -57

  -46    6    4
    4  -65   25
   30    8  -58

  -47    6    4
    4  -66   25
   30    8  -59

  -48    6    4
    4  -67   25
   30    8  -60

  -49    6    4
    4  -68   25
   30    8  -61

  -50    6    4
    4  -69   25
   30    8  -62

  -51    6    4
    4  -70   25
   30    8  -63

  -52    6    4
    4  -71   25
   30    8  -64

  -53    6    4
    4  -72   25
   30    8  -65

  -54    6    4
    4  -73   25
   30    8  -66

  -55    6    4
    4  -74   25
   30    8  -67

  -56    6    4
    4  -75   25
   30    8  -68

  -57    6    4
    4  -76   25
   30    8  -69

  -58    6    4
    4  -77   25
   30    8  -70

  -59    6    4
    4  -78   25
   30    8  -71

  -60    6    4
    4  -79   25
   30    8  -72

  -61    6    4
    4  -80   25
   30    8  -73

  -62    6    4
    4  -81   25
   30    8  -74

  -63    6    4
    4  -82   25
   30    8  -75

  -64    6    4
    4  -83   25
   30    8  -76

  -65    6    4
    4  -84   25
   30    8  -77

  -66    6    4
    4  -85   25
   30    8  -78

  -67    6    4
    4  -86   25
   30    8  -79

  -68    6    4
    4  -87   25
   30    8  -80

  -69    6    4
    4  -88   25
   30    8  -81

  -70    6    4
    4  -89   25
   30    8  -82

  -71    6    4
    4  -90   25
   30    8  -83

  -72    6    4
    4  -91   25
   30    8  -84

  -73    6    4
    4  -92   25
   30    8  -85

  -74    6    4
    4  -93   25
   30    8  -86

  -75    6    4
    4  -94   25
   30    8  -87

  -76    6    4
    4  -95   25
   30    8  -88

  -77    6    4
    4  -96   25
   30    8  -89

  -78    6    4
    4  -97   25
   30    8  -90

Ozdeger   :35
